                  1         2         3
0                                      
 3.621600  0.723084 -0.839260  0.501309
 4.545900  0.628547 -0.745860  0.029554
 3.866000 -1.419857  0.428082  0.758511
 3.456600  0.885486 -1.161728 -0.961397
 0.329240 -1.764281  1.137247  0.249512
 4.368400  0.913731 -1.148174 -0.760679
 3.591200 -0.348576  0.107913  0.971247
 2.092200 -2.210674  2.179674  0.429196
 3.203200  0.171956 -0.289132  0.424386
 1.535600  0.819971 -0.695826  0.367298
 1.224700  0.744277 -0.680210  0.334247
 3.989900 -1.432805  0.554080  1.110063
 1.899300  0.532834 -0.046086 -0.736652
-1.576800  1.135752  0.594686 -0.655510
 3.404000  0.734458 -0.888599  0.443017
 4.676500 -1.562260  0.847378  1.395497
 2.671900 -0.338776  0.012209  0.981462
 0.803550 -0.379969  1.076204  0.988670
 1.447900 -1.844696  2.147318 -0.270897
 5.242300  1.170670 -1.253280 -1.196970
 5.786700  0.575999 -0.788985  0.482678
 0.329200 -1.764281  1.137247  0.249512
 3.936200  1.006695 -1.111452 -1.157886
 0.935840  0.764675 -0.538141 -0.062371
 4.433800  0.954526 -1.340733 -1.032920
 0.705700 -1.961981  2.145711 -0.625442
 1.143200 -1.628950  1.406680  0.413572
-0.382140  0.670915  0.491884 -1.029295
 6.563300  0.941579 -1.268895 -0.790097
 4.890600 -1.556364  0.828789  1.215832
-0.248110 -0.953460  1.226978  0.780744
 1.488400 -0.232087  0.798736  0.936392
 4.296900  0.524209 -0.726789  0.262134
-0.965110  0.864311  0.376199 -1.550911
-1.616200 -0.766348  2.099104  0.991677
 2.439100  0.301411 -0.303591  0.387728
 2.688100  0.221376 -0.212248  0.387129
 3.628900 -0.765563  0.348664  1.069798
 4.567900 -0.314454 -0.651282  0.846847
 3.480500  0.919229 -1.092863 -0.888666
 4.171100  0.733681 -0.896875  0.431599
-0.206200  0.828218 -1.079551 -2.455933
-0.006892  0.841942 -0.197789 -0.203603
 0.964410  0.187254  0.535035  0.739882
 2.856100  0.391626 -0.299919  0.933985
-0.786900  0.893732 -1.101595 -2.778039
 2.084300  0.336310  0.042273 -0.319601
-0.786900  0.893732 -1.101595 -2.778039
 3.910200  0.230001 -0.744468  0.391934
 1.634900 -0.296806  0.682836  0.749497