         bgr        bu        sc       sod  ...  htn_yes  dm_yes  pe_yes  ane_yes
id                                          ...                                  
0  -0.408380 -0.768183 -0.365671  0.259801  ...        1       1       0        0
1  -0.426465 -1.163979 -0.395384  0.259801  ...        0       0       0        0
2   2.322515 -0.394377 -0.321100  0.259801  ...        0       1       0        1
3  -0.444551 -0.328411 -0.172531 -0.733987  ...        1       0       1        1
4  -0.544020 -0.988070 -0.350814  0.259801  ...        0       0       0        0
5  -0.833387 -1.010058 -0.373099  0.549656  ...        1       1       1        0
6  -0.598277 -0.372388  1.328012 -1.023842  ...        0       0       0        0
7   2.204960 -0.878126 -0.373099  0.259801  ...        0       1       1        0
8  -0.254654 -0.240456 -0.313672  0.259801  ...        1       1       0        1
9  -0.869558  0.793009  0.080035 -0.609764  ...        1       1       0        1
10  2.928376 -0.350399 -0.157674  0.259801  ...        1       1       0        1
11  1.933679 -0.240456 -0.254244  0.094169  ...        1       1       1        0
12  0.378335  0.023407 -0.298815  0.384024  ...        1       1       1        0
13 -0.616362  0.331248 -0.113104  0.259801  ...        1       1       1        0
14 -0.082843  0.419202 -0.150246  0.052762  ...        1       1       1        0
15 -0.815301  2.002384  0.258318  0.508248  ...        1       0       0        1
16 -0.607319 -0.548297 -0.291386  0.384024  ...        0       0       0        0
17 -0.471679  0.353237 -0.068533  0.425432  ...        1       0       0        0
18  0.875683 -0.966081 -0.358242  0.259801  ...        1       1       0        0
19 -0.598277 -0.878126 -0.335957  0.259801  ...        1       0       0        0
20  0.061840  1.694543 -0.165103  0.259801  ...        1       1       1        1
21 -0.426465  2.398179  5.190797 -5.143923  ...        1       1       0        0
22 -0.643490  2.024372  0.117178  0.301209  ...        1       0       0        1
23 -0.426465 -0.350399 -0.306243  0.259801  ...        0       0       0        1
24 -0.426465 -0.460343 -0.350814  0.011354  ...        1       0       0        0
25 -0.525935  0.089373 -0.313672  0.508248  ...        1       1       0        1
26 -0.091885 -0.570286 -0.276529  0.466840  ...        1       1       0        0
27  0.884726  0.353237 -0.254244  0.052762  ...        1       1       1        0
28 -0.390295 -0.878126 -0.350814  0.259801  ...        0       1       0        0
29 -0.426465 -0.944092 -0.350814  0.259801  ...        0       0       0        0
30 -0.661576  1.848463  0.087464  0.135577  ...        1       1       0        0

[31 rows x 29 columns]