                  1        2         3  4
0                                        
 3.621600   8.66610 -2.80730 -0.446990  0
 4.545900   8.16740 -2.45860 -1.462100  0
 3.866000  -2.63830  1.92420  0.106450  0
 3.456600   9.52280 -4.01120 -3.594400  0
 0.329240  -4.45520  4.57180 -0.988800  0
 4.368400   9.67180 -3.96060 -3.162500  0
 3.591200   3.01290  0.72888  0.564210  0
 2.092200  -6.81000  8.46360 -0.602160  0
 3.203200   5.75880 -0.75345 -0.612510  0
 1.535600   9.17720 -2.27180 -0.735350  0
 1.224700   8.77790 -2.21350 -0.806470  0
 3.989900  -2.70660  2.39460  0.862910  0
 1.899300   7.66250  0.15394 -3.110800  0
-1.576800  10.84300  2.54620 -2.936200  0
 3.404000   8.72610 -2.99150 -0.572420  0
 4.676500  -3.38950  3.48960  1.477100  0
 2.671900   3.06460  0.37158  0.586190  0
 0.803550   2.84730  4.34390  0.601700  0
 1.447900  -4.87940  8.34280 -2.108600  0
 5.242300  11.02720 -4.35300 -4.101300  0
 5.786700   7.89020 -2.61960 -0.487080  0
 0.329200  -4.45520  4.57180 -0.988800  0
 3.936200  10.16220 -3.82350 -4.017200  0
 0.935840   8.88550 -1.68310 -1.659900  0
 4.433800   9.88700 -4.67950 -3.748300  0
 0.705700  -5.49810  8.33680 -2.871500  0
 1.143200  -3.74130  5.57770 -0.635780  0
-0.382140   8.39090  2.16240 -3.740500  0
 6.563300   9.81870 -4.41130 -3.225800  0
 4.890600  -3.35840  3.42020  1.090500  0
-0.248110  -0.17797  4.90680  0.154290  0
 1.488400   3.62740  3.30800  0.489210  0
 4.296900   7.61700 -2.38740 -0.961640  0
-0.965110   9.41110  1.73050 -4.862900  0
-1.616200   0.80908  8.16280  0.608170  0
 2.439100   6.44170 -0.80743 -0.691390  0
 2.688100   6.01950 -0.46641 -0.692680  0
 3.628900   0.81322  1.62770  0.776270  0
 4.567900   3.19290 -2.10550  0.296530  0
 3.480500   9.70080 -3.75410 -3.437900  0
 4.171100   8.72200 -3.02240 -0.596990  0
-0.206200   9.22070 -3.70440 -6.810300  0
-0.006892   9.29310 -0.41243 -1.963800  0
 0.964410   5.83950  2.32350  0.066365  0
 2.856100   6.91760 -0.79372  0.484030  0
-0.786900   9.56630 -3.78670 -7.503400  0
 2.084300   6.62580  0.48382 -2.213400  0
-0.786900   9.56630 -3.78670 -7.503400  0
 3.910200   6.06500 -2.45340 -0.682340  0
 1.634900   3.28600  2.87530  0.087054  0